0.98217267
0.99438804
0.9694965
0.9873279
0.9640559
0.9919451
0.9578302
0.924219
0.96450514
0.96989286
0.98896563
0.99193245
0.9902215
0.8889781
0.9926548
0.9900164
0.9815263
0.9934511
0.97002506
0.911077
0.98313266
0.98153335
0.83488053
0.9894281
0.99469286
0.91071564
0.9828111
0.946588
0.9263214
0.9836753
0.9927449
0.9787228
0.9259174
0.99262345
0.97567165
0.92401904
0.9887446
0.9930393
0.99379843
0.9906819
0.9864748
0.9903784
0.9972892
0.9864486
0.9854323
0.99462223
0.9424264
0.9731891
0.9824797
0.980828
0.9886678
0.91452664
0.9821025
0.91442883
0.99488044
0.99073106
0.913864
0.96098346
0.7396535
0.99461514
0.98574567
0.95556056
0.99151295
0.9929223
0.981233
0.9914488
0.99092567
0.995271
0.9857091
0.97445655
0.9235861
0.9824997
0.99270624
0.94058865
0.9709038
0.9212308
0.99253297
0.9929658
0.9894623
0.9960975
0.98057187
0.9884382
0.9881373
0.9739653
0.9626291
0.9962619
0.8815389
0.97449386
0.94601905
0.95474696
0.99480283
0.98931026
0.9924051
0.9965126
0.9831239
0.9869168
0.995284
0.9944764
0.99222773
0.9604916
0.9921548
0.93944997
0.8805256
0.89227384
0.928573
0.9693777
0.98636395
0.9829065
0.99767274
0.99102145
0.9567049
0.9870847
0.99687284
0.9794041
0.9333456
0.9355456
0.984571
0.99102694
0.9664865
0.7519544
0.96123844
0.98992354
0.9256999
0.96069914
0.9911998
0.9886052
0.9375157
0.9892062
0.9916944
0.9722759
0.99415416
0.98264945
0.9948338
0.9569338
0.9779937
0.99478465
0.6949388
0.51422244
0.9877714
0.97815406
0.98689526
0.9678008
0.9093072
0.9408482
0.9691207
0.881606
0.9905015
0.9977451
0.90595317
0.9766708
0.99626344
0.9524303
0.895254
0.9948807
0.9791089
0.9958935
0.88660616
0.99529004
0.995014
0.9942853
0.95279485
0.9597035
0.99344313
0.96022016
0.97177404
0.989567
0.89437234
0.98048455
0.9940797
0.98766184
0.72452766
0.98018825
0.9054725
0.98985976
0.98404944
0.93133366
0.98842466
0.9876303
0.9749051
0.98363596
0.988359
0.9296781
0.89775133
0.97091514
0.99715024
0.99220276
0.99089164
0.97703105
0.99219537
0.995191
0.9848445
0.7549302
0.8756145
0.99594057
0.96669334
0.97785336
0.98044395
0.97402
0.9957873
0.9117934
0.99468213
0.95919466
0.97873914
0.9741101
0.9915417
0.8739078
0.9788117
0.99105835
0.98168945
0.9854616
0.9923689
0.994368
0.9752143
0.92139643
0.9980526
0.9266744
0.9891936
0.9809372
0.89104795
0.9904751
0.9159522
0.99289215
0.98633647
0.903971
0.7928159
0.98872405
0.99338347
0.9937551
0.98418057
0.98350924
0.9244879
0.9924683
0.97480893
0.98593974
0.98570824
0.98030245
0.9904647
0.990952
0.9899158
0.97884285
0.9616937
0.9908931
0.9897558
0.98310375
0.9891158
0.9492711
0.92722976
0.96461475
0.9924683
0.99473023
0.69690686
0.98498255
0.9974443
0.9921902
0.9917601
0.8574404
0.9570624
0.9914385
0.9830232
0.98088455
0.80673075
0.9942496
0.9681018
0.910131
0.9907341
0.9707149
0.957482
0.98873746
0.983101
0.98633575
0.70451164
0.9693615
0.98184514
0.9896326
0.99493575
0.9808322
0.6975749
0.9956269
0.9793758
0.8403642
0.5975037
0.99523443
0.9953489
0.9895956
0.9812563
0.9689613
0.9970161
0.9974765
0.63585037
0.89904416
0.98511827
0.9750372
0.8977446
0.95385736
0.9872163
0.99672335
0.9833521
0.95934886
0.98110723
0.988922
0.98706806
0.7374932
0.9867105
0.96640044
0.96842235
0.9871869
0.97825783
0.9959486
0.9102158
0.9190306
0.58597034
0.97574484
0.943563
0.9830845
0.8349269
0.9619982
0.993934
0.96664834
0.9702458
0.97551584
0.99660033
0.98680925
0.9922329
0.99267113
0.8939498
0.983984
0.9812825
0.99458754
0.97223264
0.99486274
0.93235826
0.75671226
0.53595704
0.99526584
0.98347086
0.98914284
0.97807807
0.9786364
0.99746007
0.9606934
0.98587334
0.8699893
0.9784604
0.9799247
0.9902492
0.9743317
0.97156185
0.98655903
0.99246067
0.9040676
0.88558424
0.9723752
0.957732
0.9839878
0.9943098
0.9613066
0.993922
0.98693943
0.99332786
0.98969615
0.97635627
0.98005414
0.9861276
0.9664945
0.9627399
0.9736675
0.99298626
0.98885006
0.9694827
0.9910773
0.9928584
0.991963
0.9471407
0.98912525
0.9382524
0.97122014
0.9976804
0.99388653
0.98071164
0.9883985
0.9959494
0.9925063
0.9882967
0.9951402
0.92704666
0.9852228
0.97915375
0.9948259
0.9814503
0.9556597
0.97438544
0.99616146
0.93551964
0.9773491
0.9816616
0.71009696
0.9153435
0.9857594
0.98921436
0.98956513
0.9759235
0.9845334
0.9957665
0.9916427
0.9835998
0.96587
0.98373425
0.9093982
0.9818025
0.90042704
0.839687
0.9833002
0.99497885
0.9061185
0.9932227
0.8487073
0.9774424
0.9804254
0.9691495
0.9818118
0.97736174
0.99567324
0.98066807
0.99289155
0.9162535
0.98863786
0.996335
0.98658526
0.99432963
0.99136424
0.9919602
0.992207
0.9889581
0.790581
0.99483633
0.9754515
0.9957903
0.9936952
0.94326323
0.9357994
0.96417445
0.9417821
0.9416263
0.98376024
0.9964946
0.9929241
0.8910293
0.99532604
0.89653796
0.9912208
0.9726753
0.9859102
0.99135286
0.987475
0.9956338
0.94988704
0.89371765
0.9603367
0.99269545
0.94761306
0.96618897
0.99034345
0.93791044
0.7689065
0.9858226
0.9901149
0.87062466
0.929505
0.9858336
0.99005276
0.9872649
0.9498083
0.9872925
0.94934857
0.97140056
0.9600562
0.99295616
0.99630404
0.9881451
0.9937815
0.9925524
0.9762032
0.9821584
0.92970693
0.99177516
0.9965766
0.9629435
0.9944132
0.98176724
0.99115455
0.988472
0.9793245
0.9921956
0.98808515
0.98904663
0.9537437
0.99207765
0.96316856
0.91967535
0.9725595
0.98570734
0.9923943
0.95840144
0.9933094
0.98451704
0.9829258
0.9684945
0.99257797
0.99158657
0.9959061
0.9805248
0.98335475
0.7940339
0.99119484
0.9779683
0.98204845
0.9935933
0.9781164
0.98944074
0.96589214
0.9767308
0.98968506
0.9877787
0.9070645
0.99566
0.9956815
0.99787784
0.9840677
0.9858278
0.9848642
0.9220497
0.983214
0.99137163
0.9894912
0.99571794
0.9845691
0.9798458
0.97331065
0.9962204
0.99199545
0.97952634
0.98906356
0.8830492
0.9393903
0.82575387
0.98390824
0.9801809
0.99100167
0.78248113
0.99700767
0.9949661
0.9684618
0.99355376
0.98757774
0.9834071
0.969654
0.98255473
0.93654656
0.9916101
0.9925321
0.97047454
0.9132053
0.9866123
0.9900983
0.9934157
0.98731846
0.9928261
0.98342586
0.99762005
0.99548376
0.9854578
0.9850854
0.9377375
0.9651531
0.99445313
0.9769025
0.99333835
0.57889885
0.9759015
0.9532196
0.9288735
0.97493786
0.9948331
0.95861393
0.99619424
0.9546274
0.9877408
0.9658463
0.9763381
0.98405564
0.9860617
0.9269547
0.9869227
0.93128467
0.98095876
0.9921848
0.9879645
0.9857098
0.98661566
0.9814352
0.89725757
0.99510515
0.98272043
0.9793596
0.9815159
0.99364156
0.9199956
0.83717203
0.95955604
0.98935765
0.957542
0.99319166
0.99013126
0.99617344
0.9952349
0.99338067
0.95026
0.992328
0.97800475
0.98138255
0.8748159
0.9956274
0.99102587
0.9811639
0.9934277
0.9807468
0.99320626
0.9931421
0.96876895
0.9495103
0.98576593
0.99362445
0.9902238
0.9895942
0.98640454
0.9850134
0.9953933
0.9373305
0.99223197
0.94103825
0.89996725
0.96688366
0.864248
0.9712921
0.9591487
0.99070823
0.59042025
0.99604213
0.9310042
0.9713495
0.98100317
0.9664529
0.9733872
0.95915645
0.99367213
0.98410296
0.9753009
0.9439857
0.9964747
0.89886314
0.9898425
0.915362
0.909938
0.99293524
0.98927224
0.98712605
0.80660033
0.96846336
0.993455
0.6252006
0.96619654
0.9944781
0.9880555
0.9599603
0.97319114
0.97820264
0.969088
0.98895943
0.9966162
0.9797101
0.9581177
0.9794088
0.9898099
0.9844207
0.79710454
0.8366265
0.9828781
0.97907203
0.9928774
0.9877588
0.9002198
0.9857202
0.97637856
0.84510356
0.99512154
0.99493116
0.9695124
0.96567017
0.9944035
0.99447024
0.9830209
0.9917064
0.987713
0.9935673
0.97656846
0.9973297
0.993224
0.99593383
0.91517556
0.9934715
0.99334735
0.9865108
0.9969625
0.9732336
0.71521294
0.98486054
0.9475955
0.99373734
0.9552961
0.98930967
0.963717
0.9775195
0.98506355
0.99550843
0.992804
0.9806223
0.89169705
0.99681133
0.86989665
0.99522203
0.9930627
0.9905557
0.99357754
0.9922093
0.9964192
0.9877094
0.977687
0.9946964
0.99055195
0.95616
0.9768976
0.9589626
0.9949014
0.9623605
0.966783
0.9082871
0.9793184
0.99675745
0.88315004
0.9903688
0.9217337
0.98377925
0.99319845
0.9962837
0.9579132
0.99296016
0.9839893
0.9142009
0.9953318
0.97729653
0.97340834
0.9733181
0.99042004
0.9922835
0.98301136
0.9847401
0.9968401
0.9787148
0.9687819
0.98917353
0.9816807
0.9889952
0.5353564
0.9236081
0.9911095
0.7733954
0.995047
0.9806459
0.9941004
0.98955536
0.986219
0.982454
0.9573302
0.9720641
0.98744035
0.96904033
0.9437356
0.99233645
0.9528353
0.9886459
0.97675747
0.9621911
0.9598542
0.7632553
0.9482816
0.99144894
0.99048376
0.989664
0.9622247
0.95073247
