0.05786881192343833
0.0309788211077044
0.029908788949246957
0.02816504550077472
0.01868759150549144
0.016045326378106628
0.01100415545683182
0.009537412995255035
0.009448735580237955
0.008729011584666657
0.008111390569194476
0.00793296306067921
0.007686296456427977
0.007336640370267022
0.006367706803183104
0.00631462578157369
0.006310086612378951
0.005257651907474181
0.005102333424192263
0.004865031963510002
0.004288098497269299
0.0037475275899735427
0.0036537200102658264
0.0035138231833439005
0.003343043243389854
0.003183691193380955
0.0024415790982714515
0.0022131593484653322
0.0020853086981789336
0.001894449999566783
0.0017911992530243559
0.0016228604188089023
0.0015725558139221053
0.0015438336279605114
0.0015323185388464334
0.0015147538466026677
0.001443718117316739
0.0014232561025445012
0.0013766186159758
0.0013486214189228686
0.0012778672128755497
0.0011877253859543745
0.001073078866314936
0.0010729815981743718
0.0009991989188926852
0.0009975139387627507
0.0009925013622746003
0.0009825096430594814
0.0009667512594729643
0.0009096604249452023
0.0009036745291405079
0.0009023888167222438
0.0008937543193542119
0.000876437059709656
0.0008619991919135206
0.0008609570623155704
0.0008500252089559624
0.0008366062696222754
0.0008358340928118935
0.0008343107441830311
0.0008308472339420669
0.0008281882538293539
0.0008204583144909127
0.0008183421080780074
0.0008165138145010519
0.0008008552694125815
0.0007780282859339404
0.0007779156799462728
0.0007743494572833188
0.0007707532492081226
0.0007699172240295926
0.0007526006845817834
0.0007523146643870548
0.0007427579627445003
0.0007401978816338417
0.0007373931250259202
0.0007281051620409374
0.0007224758107879037
0.0006957336703524719
0.0006926999521230214
0.0006791459921444253
0.0006789310446315034
0.0006608847057739675
0.0006594720214467165
0.0006525061761123663
0.0006439043621845553
0.0006387236988729228
0.0006314807466964778
0.0006204172454050694
0.000606846991398613
0.0006020055518845436
0.0005936072326879315
0.0005927416693719545
0.000580372413357444
0.0005799145640491554
0.0005754093183036879
0.0005640587776815309
0.0005565549500994749
0.0005498331906868658
0.0005497362878367218
0.0005476168703893558
0.0005446883179206719
0.0005405712185734268
0.0005314053456577205
0.0005202366594414531
0.0005130091772833634
0.0005112607854572237
0.0005073551910805829
0.0004990618616695031
0.0004945523772619254
0.00048643554985665637
0.0004847448457894421
0.0004810803796140295
0.0004737376084774203
0.0004714744885308209
0.00046876239405271305
0.00046599838792555915
0.0004616780225604522
0.0004614797393357239
0.0004565878354020336
0.00045309318998141277
0.0004526178741921072
0.0004523838670320135
0.0004487538280769199
0.0004484093766324637
0.0004462477464171499
0.00044397196415513207
0.0004428979185616466
0.0004392258298575591
0.00043879427281892094
0.0004307814650553743
0.00042990239542635146
0.00042591657828163767
0.00042467148840907853
0.0004238328924124124
0.0004217627904337329
0.00041733756248911734
0.0004103295271216556
0.0004064886913519361
0.00040443432907406597
0.00040297300903302524
0.0004012201275321203
0.0003995929476883875
0.00039817784385793865
0.0003962451546092316
0.0003946673356418851
0.0003838788209666877
0.0003833006979075515
0.0003818220021533536
0.0003808263892555619
0.00037890698139986245
0.00037505713441416956
0.0003684720688856391
0.00036515137050043835
0.00036210401957861296
0.00035726972062011253
0.00035423033258270565
0.00035243275359309045
0.0003491890687394417
0.00034826560422012153
0.00034187150819826596
0.00034165509404631144
0.0003373007791116267
0.0003350169867012198
0.00033141295692185047
0.00032724665940992993
0.0003270381744718609
0.0003252158714313946
0.0003247545527472973
0.0003125877929952336
0.0003094237010880407
0.00030815649476878537
0.00030650848675028985
0.0003045691204823786
0.0003041190197338395
0.0003012364149667324
0.0002902181590196173
0.0002878752211769031
0.00025582683000324735
0.00020858889374997247
