109
55
119
4
50
73
42
33
85
163
31
88
129
95
132
41
162
86
122
58
121
59
2
27
82
117
160
123
72
60
92
158
61
9
164
71
177
146
113
148
134
67
150
131
130
51
142
112
115
169
80
52
107
64
168
29
38
166
17
10
79
126
151
14
25
34
141
40
32
19
104
62
173
138
12
36
8
114
102
16
125
178
26
136
22
93
48
18
69
156
65
66
175
139
179
7
74
75
105
87
161
159
43
3
152
147
149
99
39
68
63
120
15
37
145
137
23
45
24
76
155
44
1
103
143
96
13
0
128
49
21
106
124
133
176
56
171
144
108
154
46
174
127
101
11
30
35
91
111
100
84
47
90
98
165
6
153
83
157
53
57
167
118
89
172
70
110
170
81
94
78
116
140
135
54
28
5
77
97
20
